309910
434075
775889
994321
627995
182871
156834
699835
533787
163463
205094
151539
802969
519567
839525
532178
257739
738205
109444
987923
654257
104023
997943
766401
017922
554482
274299
200074
298809
059545
088514
767454
029845
986180
228676
855358
517617
415369
780735
733622
473441
684065
881861
933780
878652
615293
289681
170592
424653
860284
648972
137051
318721
527615
512848
848237
881752
834690
272355
659722
491866
460850
979670
516826
837412
491187
126428
874407
172480
413256
817071
381250
758751
806893
072440
246343
047715
943824
230044
063797
883015
585687
791343
948011
932037
583209
529238
044503
665448
405438
626366
040953
767613
646485
221179
676213
674096
183458
693580
157133
105252
267421
162157
203425
182652
980696
462216
049465
354361
437972
168521
397927
071935
714323
430653
121101
756773
500299
811029
336077
525647
725049
116123
592857
410046
676166
000751
132102
006471
629884
913549
391775
821837
122044
564954
111384
464302
955494
920948
150171
662572
492894
720769
183911
207302
172117
157192
170697
450180
191136
456602
290579
113638
876696
311571
307542
299810
036709
674183
743233
182535
588386
505481
479166
148242
652480
415284
141125
418589
053986
106980
417619
588910
965710
541514
081311
991565
128502
232526
913012
117066
286641
787998
970752
349583
781034
568220
879317
233655
633459
003941
416999
440530
143699
838895
391695
279911
027593
107988
338498
517131
792390
166996
454645
656611
232304
956410
713908
012365
676144
254013
730402
535051
927966
091436
993640
387942
610683
485996
105793
241546
034824
136299
961404
753024
334710
965076
120098
007601
908081
576598
767627
120591
510906
877125
880990
564586
330114
784425
692551
758070
049405
009223
750053
016874
066403
305345
594129
838516
524909
816987
756186
059149
742524
986725
291094
096751
327627
997124
447185
296982
503037
068665
554409
145379
258660
809682
475259
178310
604826
357201
889616
981557
654438
451834
606474
832117
248830
808852
184774
002744
236678
792034
387176
141792
483228
288015
198591
232649
643725
554407
397338
005879
013086
443281
432545
033907
694219
913385
539127
569220
065232
549040
448001
569339
692952
567819
289634
129319
048541
115610
878261
165312
